













































00000000000000000000
00000000000000000000
00000000000000000000
00000000000000000000
00000000000000000000
00000000000000000000
00000000000000000000
00000000000000000000
00000000000000000000
00000000000000000000
00000000000000000000
00000000000000000000
00111010000000000000
00100000000000000000
00000110000000000000
00011010000000000000..............................................................................................................................................................................................................................................................
00101010000000000000
00000000000000000000
00000000000000000000
00000000000000000000